161 99 
162 99 
163 99 
161 100 
162 100 
163 100 
161 101 
162 101 
163 101 
161 102 
162 102 
163 102 
161 103 
162 103 
163 103 
161 104 
162 104 
163 104 
161 105 
162 105 
163 105 
161 106 
162 106 
163 106 
161 107 
162 107 
163 107 
161 108 
162 108 
163 108 
161 109 
162 109 
163 109 
161 110 
162 110 
163 110 
161 111 
162 111 
163 111 
161 112 
162 112 
163 112 
161 113 
162 113 
163 113 
161 114 
162 114 
163 114 
161 115 
162 115 
163 115 
161 116 
162 116 
163 116 
161 117 
162 117 
163 117 
161 118 
162 118 
163 118 
164 118 
161 119 
162 119 
163 119 
164 119 
162 120 
163 120 
164 120 
162 121 
163 121 
164 121 
162 122 
163 122 
164 122 
162 123 
163 123 
164 123 
162 124 
163 124 
164 124 
162 125 
163 125 
164 125 
162 126 
163 126 
164 126 
162 127 
163 127 
164 127 
162 128 
163 128 
164 128 
162 129 
163 129 
164 129 
162 130 
163 130 
164 130 
165 130 
162 131 
163 131 
164 131 
165 131 
163 132 
164 132 
165 132 
163 133 
164 133 
165 133 
163 134 
164 134 
165 134 
163 135 
164 135 
165 135 
163 136 
164 136 
165 136 
163 137 
164 137 
165 137 
163 138 
164 138 
165 138 
163 139 
164 139 
165 139 
163 140 
164 140 
165 140 
163 141 
164 141 
165 141 
163 142 
164 142 
165 142 
163 143 
164 143 
165 143 
163 144 
164 144 
165 144 
163 145 
164 145 
165 145 
163 146 
164 146 
165 146 
163 147 
164 147 
165 147 
163 148 
164 148 
165 148 
163 149 
164 149 
165 149 
163 150 
164 150 
165 150 
163 151 
164 151 
165 151 
163 152 
164 152 
165 152 
163 153 
164 153 
165 153 
163 154 
164 154 
165 154 
163 155 
164 155 
165 155 
163 156 
164 156 
165 156 
163 157 
164 157 
165 157 
163 158 
164 158 
165 158 
163 159 
164 159 
165 159 
163 160 
164 160 
165 160 
163 161 
164 161 
165 161 
163 162 
164 162 
165 162 
163 163 
164 163 
165 163 
163 164 
164 164 
165 164 
163 165 
164 165 
165 165 
163 166 
164 166 
165 166 
163 167 
164 167 
165 167 
163 168 
164 168 
165 168 
163 169 
164 169 
165 169 
163 170 
164 170 
165 170 
163 171 
164 171 
165 171 
163 172 
164 172 
165 172 
163 173 
164 173 
165 173 
163 174 
164 174 
165 174 
163 175 
164 175 
165 175 
163 176 
164 176 
165 176 
163 177 
164 177 
165 177 
163 178 
164 178 
165 178 
163 179 
164 179 
165 179 
163 180 
164 180 
165 180 
163 181 
164 181 
165 181 
163 182 
164 182 
165 182 
163 183 
164 183 
165 183 
163 184 
164 184 
165 184 
163 185 
164 185 
165 185 
163 186 
164 186 
165 186 
163 187 
164 187 
165 187 
163 188 
164 188 
165 188 
163 189 
164 189 
165 189 
163 190 
164 190 
165 190 
163 191 
164 191 
165 191 
163 192 
164 192 
165 192 
163 193 
164 193 
165 193 
163 194 
164 194 
165 194 
163 195 
164 195 
165 195 
163 196 
164 196 
165 196 
163 197 
164 197 
165 197 
163 198 
164 198 
165 198 
163 199 
164 199 
165 199 
162 200 
163 200 
164 200 
165 200 
162 201 
163 201 
164 201 
165 201 
162 202 
163 202 
164 202 
165 202 
162 203 
163 203 
164 203 
162 204 
163 204 
164 204 
162 205 
163 205 
164 205 
162 206 
163 206 
164 206 
162 207 
163 207 
164 207 
162 208 
163 208 
164 208 
162 209 
163 209 
164 209 
162 210 
163 210 
164 210 
162 211 
163 211 
164 211 
162 212 
163 212 
164 212 
162 213 
163 213 
164 213 
162 214 
163 214 
164 214 
162 215 
163 215 
164 215 
162 216 
163 216 
164 216 
162 217 
163 217 
164 217 
1 287 
218 287 
219 287 
220 287 
1 288 
216 288 
217 288 
218 288 
219 288 
220 288 
1 289 
213 289 
214 289 
215 289 
216 289 
217 289 
218 289 
219 289 
220 289 
1 290 
210 290 
211 290 
212 290 
213 290 
214 290 
215 290 
216 290 
217 290 
218 290 
219 290 
220 290 
206 291 
207 291 
208 291 
209 291 
210 291 
211 291 
212 291 
213 291 
214 291 
215 291 
216 291 
217 291 
218 291 
202 292 
203 292 
204 292 
205 292 
206 292 
207 292 
208 292 
209 292 
210 292 
211 292 
212 292 
213 292 
214 292 
199 293 
200 293 
201 293 
202 293 
203 293 
204 293 
205 293 
206 293 
207 293 
208 293 
209 293 
210 293 
211 293 
212 293 
195 294 
196 294 
197 294 
198 294 
199 294 
200 294 
201 294 
202 294 
203 294 
204 294 
205 294 
206 294 
207 294 
192 295 
193 295 
194 295 
195 295 
196 295 
197 295 
198 295 
199 295 
200 295 
201 295 
202 295 
203 295 
204 295 
12 296 
13 296 
14 296 
15 296 
16 296 
17 296 
18 296 
19 296 
20 296 
21 296 
22 296 
23 296 
24 296 
25 296 
26 296 
27 296 
28 296 
29 296 
30 296 
31 296 
32 296 
33 296 
34 296 
35 296 
36 296 
37 296 
38 296 
39 296 
40 296 
41 296 
42 296 
189 296 
190 296 
191 296 
192 296 
193 296 
194 296 
195 296 
196 296 
197 296 
198 296 
199 296 
200 296 
11 297 
12 297 
13 297 
14 297 
15 297 
16 297 
17 297 
18 297 
19 297 
20 297 
21 297 
22 297 
23 297 
24 297 
25 297 
26 297 
27 297 
28 297 
29 297 
30 297 
31 297 
32 297 
33 297 
34 297 
35 297 
36 297 
37 297 
38 297 
39 297 
40 297 
41 297 
42 297 
43 297 
44 297 
45 297 
46 297 
47 297 
48 297 
185 297 
186 297 
187 297 
188 297 
189 297 
190 297 
191 297 
192 297 
193 297 
194 297 
195 297 
196 297 
10 298 
11 298 
12 298 
13 298 
14 298 
15 298 
16 298 
17 298 
18 298 
19 298 
20 298 
21 298 
22 298 
23 298 
24 298 
25 298 
26 298 
27 298 
28 298 
29 298 
30 298 
31 298 
32 298 
33 298 
34 298 
35 298 
36 298 
37 298 
38 298 
39 298 
40 298 
41 298 
42 298 
43 298 
44 298 
45 298 
46 298 
47 298 
48 298 
49 298 
50 298 
51 298 
52 298 
53 298 
54 298 
55 298 
56 298 
57 298 
182 298 
183 298 
184 298 
185 298 
186 298 
187 298 
188 298 
189 298 
190 298 
191 298 
192 298 
193 298 
10 299 
11 299 
12 299 
13 299 
14 299 
41 299 
42 299 
43 299 
44 299 
45 299 
46 299 
47 299 
48 299 
49 299 
50 299 
51 299 
52 299 
53 299 
54 299 
55 299 
56 299 
57 299 
58 299 
59 299 
60 299 
61 299 
62 299 
63 299 
64 299 
65 299 
66 299 
67 299 
68 299 
69 299 
70 299 
71 299 
72 299 
73 299 
74 299 
75 299 
76 299 
77 299 
78 299 
79 299 
80 299 
81 299 
82 299 
83 299 
84 299 
85 299 
86 299 
87 299 
88 299 
89 299 
90 299 
91 299 
92 299 
93 299 
94 299 
95 299 
96 299 
97 299 
98 299 
99 299 
100 299 
101 299 
102 299 
103 299 
104 299 
105 299 
106 299 
107 299 
108 299 
109 299 
110 299 
111 299 
112 299 
113 299 
114 299 
115 299 
116 299 
117 299 
118 299 
119 299 
120 299 
121 299 
122 299 
123 299 
124 299 
125 299 
126 299 
127 299 
128 299 
129 299 
130 299 
131 299 
132 299 
133 299 
134 299 
135 299 
136 299 
137 299 
138 299 
139 299 
140 299 
141 299 
142 299 
143 299 
144 299 
145 299 
146 299 
147 299 
148 299 
149 299 
150 299 
151 299 
152 299 
153 299 
154 299 
155 299 
156 299 
157 299 
158 299 
179 299 
180 299 
181 299 
182 299 
183 299 
184 299 
185 299 
186 299 
187 299 
188 299 
189 299 
190 299 
9 300 
10 300 
11 300 
12 300 
13 300 
47 300 
48 300 
49 300 
50 300 
51 300 
52 300 
53 300 
54 300 
55 300 
56 300 
57 300 
58 300 
59 300 
60 300 
61 300 
62 300 
63 300 
64 300 
65 300 
66 300 
67 300 
68 300 
69 300 
70 300 
71 300 
72 300 
73 300 
74 300 
75 300 
76 300 
77 300 
78 300 
79 300 
80 300 
81 300 
82 300 
83 300 
84 300 
85 300 
86 300 
87 300 
88 300 
89 300 
90 300 
91 300 
92 300 
93 300 
94 300 
95 300 
96 300 
97 300 
98 300 
99 300 
100 300 
101 300 
102 300 
103 300 
104 300 
105 300 
106 300 
107 300 
108 300 
109 300 
110 300 
111 300 
112 300 
113 300 
114 300 
115 300 
116 300 
117 300 
118 300 
119 300 
120 300 
121 300 
122 300 
123 300 
124 300 
125 300 
126 300 
127 300 
128 300 
129 300 
130 300 
131 300 
132 300 
133 300 
134 300 
135 300 
136 300 
137 300 
138 300 
139 300 
140 300 
141 300 
142 300 
143 300 
144 300 
145 300 
146 300 
147 300 
148 300 
149 300 
150 300 
151 300 
152 300 
153 300 
154 300 
155 300 
156 300 
157 300 
158 300 
159 300 
160 300 
161 300 
162 300 
174 300 
175 300 
176 300 
177 300 
178 300 
179 300 
180 300 
181 300 
182 300 
183 300 
184 300 
185 300 
186 300 
187 300 
9 301 
10 301 
11 301 
12 301 
56 301 
57 301 
58 301 
59 301 
60 301 
61 301 
62 301 
63 301 
64 301 
65 301 
66 301 
67 301 
68 301 
69 301 
70 301 
71 301 
72 301 
73 301 
74 301 
75 301 
76 301 
77 301 
78 301 
79 301 
80 301 
81 301 
82 301 
83 301 
84 301 
85 301 
86 301 
87 301 
88 301 
89 301 
90 301 
91 301 
92 301 
93 301 
94 301 
95 301 
96 301 
97 301 
98 301 
99 301 
100 301 
101 301 
102 301 
103 301 
104 301 
105 301 
106 301 
107 301 
108 301 
109 301 
110 301 
111 301 
112 301 
113 301 
114 301 
115 301 
116 301 
117 301 
118 301 
119 301 
120 301 
121 301 
122 301 
123 301 
124 301 
125 301 
126 301 
127 301 
128 301 
129 301 
130 301 
131 301 
132 301 
133 301 
134 301 
135 301 
136 301 
137 301 
138 301 
139 301 
140 301 
141 301 
142 301 
143 301 
144 301 
145 301 
146 301 
147 301 
148 301 
149 301 
150 301 
151 301 
152 301 
153 301 
154 301 
155 301 
156 301 
157 301 
158 301 
159 301 
160 301 
161 301 
162 301 
163 301 
164 301 
165 301 
166 301 
167 301 
168 301 
169 301 
170 301 
171 301 
172 301 
173 301 
174 301 
175 301 
176 301 
177 301 
178 301 
179 301 
180 301 
181 301 
182 301 
183 301 
9 302 
10 302 
11 302 
12 302 
157 302 
158 302 
159 302 
160 302 
161 302 
162 302 
163 302 
164 302 
165 302 
166 302 
167 302 
168 302 
169 302 
170 302 
171 302 
172 302 
173 302 
174 302 
175 302 
176 302 
177 302 
178 302 
179 302 
180 302 
9 303 
10 303 
11 303 
160 303 
161 303 
162 303 
163 303 
164 303 
165 303 
166 303 
167 303 
168 303 
169 303 
170 303 
171 303 
172 303 
173 303 
174 303 
175 303 
176 303 
9 304 
10 304 
11 304 
9 305 
10 305 
11 305 
